MAX_Q: 5 | TOT_ANGS: 200
Cos(th)   cosq0   cosq1   cosq2   cosq3   cosq4   cosq5   
-0.995   0.333847   0.00698895   0.000844022   -4.17073e-06   -2.46972e-06   -3.68629e-18   
-0.985   0.32921   0.0120747   0.00239373   -2.1509e-05   -2.20052e-05   3.14419e-18   
-0.975   0.325107   0.0155489   0.00376322   -4.59307e-05   -6.05112e-05   1.84314e-18   
-0.965   0.321524   0.0183509   0.00495749   -7.55073e-05   -0.000117404   1.0842e-18   
-0.955   0.318444   0.0207548   0.00598151   -0.00010924   -0.000192106   -1.22515e-17   
-0.945   0.315855   0.0228863   0.00684018   -0.000146476   -0.000284044   -2.81893e-18   
-0.935   0.313741   0.0248157   0.00753837   -0.000186739   -0.000392654   -1.07336e-17   
-0.925   0.312089   0.0265871   0.00808088   -0.000229658   -0.000517375   5.42101e-19   
-0.915   0.310884   0.0282303   0.00847247   -0.000274931   -0.000657653   -3.68629e-18   
-0.905   0.310112   0.0297664   0.00871785   -0.000322308   -0.000812941   6.61363e-18   
-0.895   0.30976   0.0312114   0.00882167   -0.00037157   -0.000982695   6.39679e-18   
-0.885   0.309814   0.0325772   0.00878852   -0.000422529   -0.00116638   -2.49366e-18   
-0.875   0.31026   0.0338736   0.00862298   -0.000475018   -0.00136347   -9.86624e-18   
-0.865   0.311086   0.0351081   0.00832953   -0.000528886   -0.00157343   -3.57787e-18   
-0.855   0.312277   0.0362872   0.00791263   -0.000583997   -0.00179575   4.11997e-18   
-0.845   0.313822   0.037416   0.00737667   -0.000640228   -0.00202991   2.38524e-18   
-0.835   0.315706   0.038499   0.006726   -0.000697466   -0.00227542   -6.07153e-18   
-0.825   0.317918   0.03954   0.00596492   -0.000755604   -0.00253177   4.33681e-19   
-0.815   0.320444   0.0405421   0.00509768   -0.000814546   -0.00279846   1.00831e-17   
-0.805   0.323273   0.0415083   0.00412846   -0.0008742   -0.003075   -1.05168e-17   
-0.795   0.326392   0.0424409   0.00306141   -0.000934481   -0.00336092   8.0231e-18   
-0.785   0.32979   0.0433421   0.00190062   -0.000995309   -0.00365574   2.1684e-18   
-0.775   0.333453   0.0442139   0.00065014   -0.00105661   -0.00395898   -1.47451e-17   
-0.765   0.33737   0.0450579   -0.000686051   -0.00111831   -0.00427019   7.80626e-18   
-0.755   0.34153   0.0458757   -0.00210401   -0.00118034   -0.00458889   -2.49366e-18   
-0.745   0.345921   0.0466687   -0.00359985   -0.00124264   -0.00491465   4.01155e-18   
-0.735   0.350531   0.0474381   -0.00516974   -0.00130515   -0.00524702   8.99888e-18   
-0.725   0.355351   0.0481851   -0.00680989   -0.00136781   -0.00558554   1.71304e-17   
-0.715   0.360367   0.0489106   -0.00851657   -0.00143056   -0.00592979   -2.1684e-18   
-0.705   0.36557   0.0496156   -0.0102861   -0.00149335   -0.00627935   1.09504e-17   
-0.695   0.370949   0.050301   -0.0121148   -0.00155613   -0.00663378   -2.66714e-17   
-0.685   0.376493   0.0509676   -0.0139992   -0.00161886   -0.00699266   -8.89046e-18   
-0.675   0.382192   0.0516161   -0.0159357   -0.00168147   -0.0073556   -3.14419e-18   
-0.665   0.388035   0.0522471   -0.0179208   -0.00174394   -0.00772218   -1.1601e-17   
-0.655   0.394013   0.0528614   -0.0199511   -0.00180621   -0.008092   1.02999e-17   
-0.645   0.400115   0.0534594   -0.0220232   -0.00186825   -0.00846467   -1.0842e-19   
-0.635   0.406331   0.0540417   -0.0241338   -0.00193001   -0.00883981   1.4962e-17   
-0.625   0.412653   0.0546089   -0.0262797   -0.00199145   -0.00921703   1.73472e-18   
-0.615   0.419069   0.0551614   -0.0284575   -0.00205255   -0.00959595   -2.1684e-17   
-0.605   0.425571   0.0556996   -0.0306642   -0.00211325   -0.00997622   1.50704e-17   
-0.595   0.43215   0.0562239   -0.0328966   -0.00217353   -0.0103575   -5.20417e-18   
-0.585   0.438796   0.0567347   -0.0351517   -0.00223336   -0.0107393   -1.52873e-17   
-0.575   0.445501   0.0572325   -0.0374263   -0.0022927   -0.0111214   -1.10589e-17   
-0.565   0.452256   0.0577174   -0.0397177   -0.00235152   -0.0115035   1.11673e-17   
-0.555   0.459052   0.0581899   -0.0420227   -0.00240979   -0.0118851   -1.4203e-17   
-0.545   0.465881   0.0586503   -0.0443387   -0.00246747   -0.012266   2.09251e-17   
-0.535   0.472734   0.0590988   -0.0466627   -0.00252456   -0.0126457   -7.58942e-19   
-0.525   0.479603   0.0595356   -0.048992   -0.002581   -0.0130241   7.91468e-18   
-0.515   0.486481   0.0599612   -0.0513239   -0.00263678   -0.0134008   -2.33103e-17   
-0.505   0.493359   0.0603756   -0.0536558   -0.00269188   -0.0137754   -3.57787e-18   
-0.495   0.500229   0.0607792   -0.055985   -0.00274626   -0.0141477   -7.58942e-18   
-0.485   0.507084   0.0611721   -0.0583089   -0.00279991   -0.0145174   -2.50451e-17   
-0.475   0.513917   0.0615545   -0.0606251   -0.00285279   -0.0148842   -1.92988e-17   
-0.465   0.520721   0.0619267   -0.0629312   -0.00290489   -0.0152477   1.96241e-17   
-0.455   0.527487   0.0622888   -0.0652246   -0.00295619   -0.0156078   -2.66714e-17   
-0.445   0.53421   0.0626409   -0.067503   -0.00300666   -0.0159641   -1.21431e-17   
-0.435   0.540882   0.0629834   -0.0697643   -0.00305628   -0.0163163   -1.17094e-17   
-0.425   0.547497   0.0633163   -0.072006   -0.00310504   -0.0166643   -1.00831e-17   
-0.415   0.554048   0.0636397   -0.074226   -0.00315291   -0.0170077   -2.81893e-17   
-0.405   0.560529   0.0639539   -0.0764222   -0.00319987   -0.0173464   3.3285e-17   
-0.395   0.566934   0.0642589   -0.0785924   -0.00324592   -0.0176799   -1.02999e-17   
-0.385   0.573256   0.0645549   -0.0807346   -0.00329102   -0.0180082   -7.80626e-18   
-0.375   0.579491   0.064842   -0.0828469   -0.00333516   -0.018331   -1.40946e-18   
-0.365   0.585631   0.0651203   -0.0849272   -0.00337833   -0.0186481   -2.92735e-18   
-0.355   0.591671   0.06539   -0.0869737   -0.00342051   -0.0189592   -3.71881e-17   
-0.345   0.597607   0.0656511   -0.0889845   -0.00346169   -0.0192641   -2.01662e-17   
-0.335   0.603432   0.0659037   -0.0909579   -0.00350185   -0.0195626   -3.23092e-17   
-0.325   0.609141   0.066148   -0.0928921   -0.00354097   -0.0198546   -9.1073e-18   
-0.315   0.61473   0.0663841   -0.0947854   -0.00357905   -0.0201398   -1.82146e-17   
-0.305   0.620194   0.0666119   -0.0966362   -0.00361606   -0.020418   2.46114e-17   
-0.295   0.625527   0.0668317   -0.0984429   -0.003652   -0.020689   -2.53703e-17   
-0.285   0.630726   0.0670434   -0.100204   -0.00368686   -0.0209527   -1.31188e-17   
-0.275   0.635786   0.0672472   -0.101918   -0.00372062   -0.0212089   -1.79978e-17   
-0.265   0.640703   0.0674432   -0.103583   -0.00375327   -0.0214574   3.68629e-18   
-0.255   0.645472   0.0676313   -0.105199   -0.0037848   -0.0216981   -2.81893e-18   
-0.245   0.65009   0.0678118   -0.106763   -0.0038152   -0.0219308   5.09575e-18   
-0.235   0.654553   0.0679845   -0.108274   -0.00384446   -0.0221553   -5.96311e-18   
-0.225   0.658857   0.0681497   -0.109732   -0.00387257   -0.0223716   -1.21431e-17   
-0.215   0.663   0.0683072   -0.111135   -0.00389953   -0.0225795   -1.71304e-17   
-0.205   0.666976   0.0684573   -0.112482   -0.00392531   -0.0227788   -2.49366e-17   
-0.195   0.670784   0.0686   -0.113772   -0.00394992   -0.0229694   -4.6187e-17   
-0.185   0.674421   0.0687352   -0.115003   -0.00397335   -0.0231512   1.47451e-17   
-0.175   0.677883   0.068863   -0.116176   -0.00399559   -0.0233241   -1.40946e-17   
-0.165   0.681167   0.0689836   -0.117288   -0.00401663   -0.023488   6.28837e-18   
-0.155   0.684272   0.0690968   -0.118339   -0.00403646   -0.0236428   -2.20093e-17   
-0.145   0.687194   0.0692028   -0.119329   -0.00405509   -0.0237884   -4.17418e-17   
-0.135   0.689932   0.0693016   -0.120256   -0.0040725   -0.0239247   -2.92735e-18   
-0.125   0.692483   0.0693932   -0.12112   -0.00408869   -0.0240515   -3.24176e-17   
-0.115   0.694845   0.0694777   -0.12192   -0.00410365   -0.024169   -2.21177e-17   
-0.105   0.697017   0.069555   -0.122656   -0.00411738   -0.0242768   -1.95156e-18   
-0.095   0.698997   0.0696253   -0.123326   -0.00412988   -0.0243751   -3.36103e-18   
-0.085   0.700783   0.0696884   -0.123931   -0.00414113   -0.0244638   1.40946e-18   
-0.075   0.702374   0.0697445   -0.12447   -0.00415115   -0.0245427   3.46945e-18   
-0.065   0.703768   0.0697935   -0.124942   -0.00415992   -0.0246118   8.5652e-18   
-0.055   0.704966   0.0698355   -0.125348   -0.00416744   -0.0246712   -5.63785e-18   
-0.045   0.705965   0.0698705   -0.125686   -0.00417371   -0.0247207   -4.57533e-17   
-0.035   0.706766   0.0698984   -0.125957   -0.00417873   -0.0247604   -5.7788e-17   
-0.025   0.707366   0.0699194   -0.12616   -0.0041825   -0.0247901   -3.38271e-17   
-0.015   0.707767   0.0699334   -0.126296   -0.00418501   -0.02481   -2.4503e-17   
-0.005   0.707968   0.0699404   -0.126364   -0.00418626   -0.0248199   5.85469e-18   
0.005   0.707968   0.0699404   -0.126364   -0.00418626   -0.0248199   5.85469e-18   
0.015   0.707767   0.0699334   -0.126296   -0.00418501   -0.02481   -1.68051e-17   
0.025   0.707366   0.0699194   -0.12616   -0.0041825   -0.0247901   -3.07913e-17   
0.035   0.706766   0.0698984   -0.125957   -0.00417873   -0.0247604   -3.58871e-17   
0.045   0.705965   0.0698705   -0.125686   -0.00417371   -0.0247207   -4.57533e-17   
0.055   0.704966   0.0698355   -0.125348   -0.00416744   -0.0246712   -5.63785e-18   
0.065   0.703768   0.0697935   -0.124942   -0.00415992   -0.0246118   8.5652e-18   
0.075   0.702374   0.0697445   -0.12447   -0.00415115   -0.0245427   3.46945e-18   
0.085   0.700783   0.0696884   -0.123931   -0.00414113   -0.0244638   1.40946e-18   
0.095   0.698997   0.0696253   -0.123326   -0.00412988   -0.0243751   -3.36103e-18   
0.105   0.697017   0.069555   -0.122656   -0.00411738   -0.0242768   -1.95156e-18   
0.115   0.694845   0.0694777   -0.12192   -0.00410365   -0.024169   -2.21177e-17   
0.125   0.692483   0.0693932   -0.12112   -0.00408869   -0.0240515   -3.24176e-17   
0.135   0.689932   0.0693016   -0.120256   -0.0040725   -0.0239247   -2.92735e-18   
0.145   0.687194   0.0692028   -0.119329   -0.00405509   -0.0237884   -4.17418e-17   
0.155   0.684272   0.0690968   -0.118339   -0.00403646   -0.0236428   -2.20093e-17   
0.165   0.681167   0.0689836   -0.117288   -0.00401663   -0.023488   6.28837e-18   
0.175   0.677883   0.068863   -0.116176   -0.00399559   -0.0233241   1.14925e-17   
0.185   0.674421   0.0687352   -0.115003   -0.00397335   -0.0231512   -1.84314e-18   
0.195   0.670784   0.0686   -0.113772   -0.00394992   -0.0229694   -2.71051e-17   
0.205   0.666976   0.0684573   -0.112482   -0.00392531   -0.0227788   -1.73472e-18   
0.215   0.663   0.0683072   -0.111135   -0.00389953   -0.0225795   -1.95156e-17   
0.225   0.658857   0.0681497   -0.109732   -0.00387257   -0.0223716   -2.2443e-17   
0.235   0.654553   0.0679845   -0.108274   -0.00384446   -0.0221553   -1.27936e-17   
0.245   0.65009   0.0678118   -0.106763   -0.0038152   -0.0219308   5.96311e-18   
0.255   0.645472   0.0676313   -0.105199   -0.0037848   -0.0216981   -3.03577e-18   
0.265   0.640703   0.0674432   -0.103583   -0.00375327   -0.0214574   -3.36103e-18   
0.275   0.635786   0.0672472   -0.101918   -0.00372062   -0.0212089   -2.79724e-17   
0.285   0.630726   0.0670434   -0.100204   -0.00368686   -0.0209527   -1.20346e-17   
0.295   0.625527   0.0668317   -0.0984429   -0.003652   -0.020689   -1.17094e-17   
0.305   0.620194   0.0666119   -0.0966362   -0.00361606   -0.020418   2.46114e-17   
0.315   0.61473   0.0663841   -0.0947854   -0.00357905   -0.0201398   -1.82146e-17   
0.325   0.609141   0.066148   -0.0928921   -0.00354097   -0.0198546   -9.1073e-18   
0.335   0.603432   0.0659037   -0.0909579   -0.00350185   -0.0195626   -3.23092e-17   
0.345   0.597607   0.0656511   -0.0889845   -0.00346169   -0.0192641   -2.01662e-17   
0.355   0.591671   0.06539   -0.0869737   -0.00342051   -0.0189592   -3.71881e-17   
0.365   0.585631   0.0651203   -0.0849272   -0.00337833   -0.0186481   -2.92735e-18   
0.375   0.579491   0.064842   -0.0828469   -0.00333516   -0.018331   -1.40946e-18   
0.385   0.573256   0.0645549   -0.0807346   -0.00329102   -0.0180082   -7.80626e-18   
0.395   0.566934   0.0642589   -0.0785924   -0.00324592   -0.0176799   -1.02999e-17   
0.405   0.560529   0.0639539   -0.0764222   -0.00319987   -0.0173464   3.3285e-17   
0.415   0.554048   0.0636397   -0.074226   -0.00315291   -0.0170077   -2.81893e-17   
0.425   0.547497   0.0633163   -0.072006   -0.00310504   -0.0166643   -4.98733e-18   
0.435   0.540882   0.0629834   -0.0697643   -0.00305628   -0.0163163   -1.0842e-19   
0.445   0.53421   0.0626409   -0.067503   -0.00300666   -0.0159641   1.24683e-17   
0.455   0.527487   0.0622888   -0.0652246   -0.00295619   -0.0156078   -6.07153e-18   
0.465   0.520721   0.0619267   -0.0629312   -0.00290489   -0.0152477   1.38778e-17   
0.475   0.513917   0.0615545   -0.0606251   -0.00285279   -0.0148842   -4.38018e-17   
0.485   0.507084   0.0611721   -0.0583089   -0.00279991   -0.0145174   -2.9924e-17   
0.495   0.500229   0.0607792   -0.055985   -0.00274626   -0.0141477   -1.44199e-17   
0.505   0.493359   0.0603756   -0.0536558   -0.00269188   -0.0137754   -4.44523e-18   
0.515   0.486481   0.0599612   -0.0513239   -0.00263678   -0.0134008   -1.72388e-17   
0.525   0.479603   0.0595356   -0.048992   -0.002581   -0.0130241   -1.12757e-17   
0.535   0.472734   0.0590988   -0.0466627   -0.00252456   -0.0126457   -2.02746e-17   
0.545   0.465881   0.0586503   -0.0443387   -0.00246747   -0.012266   2.09251e-17   
0.555   0.459052   0.0581899   -0.0420227   -0.00240979   -0.0118851   -1.4203e-17   
0.565   0.452256   0.0577174   -0.0397177   -0.00235152   -0.0115035   1.11673e-17   
0.575   0.445501   0.0572325   -0.0374263   -0.0022927   -0.0111214   -1.10589e-17   
0.585   0.438796   0.0567347   -0.0351517   -0.00223336   -0.0107393   -1.52873e-17   
0.595   0.43215   0.0562239   -0.0328966   -0.00217353   -0.0103575   -5.20417e-18   
0.605   0.425571   0.0556996   -0.0306642   -0.00211325   -0.00997622   1.50704e-17   
0.615   0.419069   0.0551614   -0.0284575   -0.00205255   -0.00959595   -2.1684e-17   
0.625   0.412653   0.0546089   -0.0262797   -0.00199145   -0.00921703   1.73472e-18   
0.635   0.406331   0.0540417   -0.0241338   -0.00193001   -0.00883981   1.4962e-17   
0.645   0.400115   0.0534594   -0.0220232   -0.00186825   -0.00846467   -1.0842e-19   
0.655   0.394013   0.0528614   -0.0199511   -0.00180621   -0.008092   1.02999e-17   
0.665   0.388035   0.0522471   -0.0179208   -0.00174394   -0.00772218   -1.1601e-17   
0.675   0.382192   0.0516161   -0.0159357   -0.00168147   -0.0073556   -3.14419e-18   
0.685   0.376493   0.0509676   -0.0139992   -0.00161886   -0.00699266   -8.89046e-18   
0.695   0.370949   0.050301   -0.0121148   -0.00155613   -0.00663378   -2.66714e-17   
0.705   0.36557   0.0496156   -0.0102861   -0.00149335   -0.00627935   1.09504e-17   
0.715   0.360367   0.0489106   -0.00851657   -0.00143056   -0.00592979   -6.39679e-18   
0.725   0.355351   0.0481851   -0.00680989   -0.00136781   -0.00558554   1.66967e-17   
0.735   0.350531   0.0474381   -0.00516974   -0.00130515   -0.00524702   1.04083e-17   
0.745   0.345921   0.0466687   -0.00359985   -0.00124264   -0.00491465   4.01155e-18   
0.755   0.34153   0.0458757   -0.00210401   -0.00118034   -0.00458889   5.42101e-18   
0.765   0.33737   0.0450579   -0.000686051   -0.00111831   -0.00427019   7.69784e-18   
0.775   0.333453   0.0442139   0.00065014   -0.00105661   -0.00395898   -9.43256e-18   
0.785   0.32979   0.0433421   0.00190062   -0.000995309   -0.00365574   2.27682e-18   
0.795   0.326392   0.0424409   0.00306141   -0.000934481   -0.00336092   8.0231e-18   
0.805   0.323273   0.0415083   0.00412846   -0.0008742   -0.003075   -1.05168e-17   
0.815   0.320444   0.0405421   0.00509768   -0.000814546   -0.00279846   1.00831e-17   
0.825   0.317918   0.03954   0.00596492   -0.000755604   -0.00253177   4.33681e-19   
0.835   0.315706   0.038499   0.006726   -0.000697466   -0.00227542   -6.07153e-18   
0.845   0.313822   0.037416   0.00737667   -0.000640228   -0.00202991   2.38524e-18   
0.855   0.312277   0.0362872   0.00791263   -0.000583997   -0.00179575   4.11997e-18   
0.865   0.311086   0.0351081   0.00832953   -0.000528886   -0.00157343   -3.57787e-18   
0.875   0.31026   0.0338736   0.00862298   -0.000475018   -0.00136347   -9.86624e-18   
0.885   0.309814   0.0325772   0.00878852   -0.000422529   -0.00116638   -2.49366e-18   
0.895   0.30976   0.0312114   0.00882167   -0.00037157   -0.000982695   6.39679e-18   
0.905   0.310112   0.0297664   0.00871785   -0.000322308   -0.000812941   6.61363e-18   
0.915   0.310884   0.0282303   0.00847247   -0.000274931   -0.000657653   -3.68629e-18   
0.925   0.312089   0.0265871   0.00808088   -0.000229658   -0.000517375   5.42101e-19   
0.935   0.313741   0.0248157   0.00753837   -0.000186739   -0.000392654   -1.07336e-17   
0.945   0.315855   0.0228863   0.00684018   -0.000146476   -0.000284044   -6.28837e-18   
0.955   0.318444   0.0207548   0.00598151   -0.00010924   -0.000192106   -3.25261e-18   
0.965   0.321524   0.0183509   0.00495749   -7.55073e-05   -0.000117404   -2.05998e-18   
0.975   0.325107   0.0155489   0.00376322   -4.59307e-05   -6.05112e-05   -1.55041e-17   
0.985   0.32921   0.0120747   0.00239373   -2.1509e-05   -2.20052e-05   9.75782e-18   
0.995   0.333847   0.00698895   0.000844022   -4.17073e-06   -2.46972e-06   -1.84314e-18   
