Z = 0 | A = 0
Number_of_States: 1
E_(MeV)    Frac    Width_(MeV)
0.0	   1.0	   0

Z = 0 | A = 1
Number_of_States: 1
E_(MeV)    Frac    Width_(MeV)
0.0	   1.0	   0

Z = 1 | A = 1
Number_of_States: 1
E_(MeV)    Frac    Width_(MeV)
0.0        1.0     0

Z = 1 | A = 2
Number_of_States: 1
E_(MeV)    Frac    Width_(MeV)
0.0        1.0     0

Z = 2 | A = 3
Number_of_States: 1
E_(MeV)    Frac    Width_(MeV)
0.0        1.0     0

Z = 2 | A = 4
Number_of_States: 1
E_(MeV)    Frac    Width_(MeV)
0.0        1.0     0

Z = 3 | A = 7
Number_of_States: 4
E_(MeV)    Frac    Width_(MeV)
0.000      0.25    0
0.478      0.25    0
4.630      0.25    0
6.680      0.25    0

Z = 3 | A = 8
Number_of_States: 5
E_(MeV)    Frac    Width_(MeV)
0.000      0.20    0
0.981      0.20    0
2.255      0.20    0
3.210      0.20    0
5.400      0.20    0

Z = 4 | A = 8
Number_of_States: 3
E_(MeV)    Frac    Width_(MeV)
0.000	   0.7	   0.00000557
3.030	   0.2	   1.513
11.35	   0.1	   3.500   

Z = 4 | A = 9
Number_of_States: 1
E_(MeV)    Frac    Width_(MeV)
0.000	   1.0	   0

Z = 5 | A = 9
Number_of_States: 21
E_(MeV)    Frac    Width_(MeV)
0.000	   0.045   0.00054
2.345	   0.045   0.081
2.751	   0.045   0.614
2.780	   0.045   3.13
4.800	   0.045   1.2
6.985	   0.045   2.18
11.64	   0.045   0.78
12.16	   0.045   0.455
14.01	   0.045   0.39
14.655	   0.045   0.000377
14.7	   0.045   1.35
15.29	   0.045   0
15.58	   0.045   0
16.024	   0.045   0.18
16.71	   0.055   0
17.076	   0.045   0.022
17.19	   0.045   0.113
17.54	   0.045   0
17.638	   0.045   0.071
18.6	   0.045   1.0
20.7	   0.045   1.6

Z = 5 | A = 10
Number_of_States: 10
E_(MeV)    Frac    Width_(MeV)
0.000	   0.1	   0
0.718	   0.1	   0
1.740	   0.1	   0
2.154	   0.1	   0
3.587	   0.1	   0
4.774	   0.1	   0
5.110	   0.1	   0.000978
5.164	   0.1	   0
5.182	   0.1	   0.11
5.919	   0.1	   0.00582

Z = 5 | A = 11
Number_of_States: 41
E_(MeV)    Frac    Width_(MeV)
0.000	   0.040   0
2.125	   0.024   0
4.445	   0.024   0
5.020	   0.024   0
6.742	   0.024   0
6.791	   0.024   0
7.286	   0.024   0
7.978	   0.024   0
8.560	   0.024   0
8.920	   0.024   0
9.184	   0.024   0
9.272	   0.024   0
9.820	   0.024   0
9.873	   0.024   0
10.262	   0.024   0
10.330	   0.024   0
10.602	   0.024   0
10.960	   0.024   0
11.272	   0.024   0
11.450	   0.024   0
11.600	   0.024   0
11.893	   0.024   0
12.040	   0.024   0
12.554	   0.024   0
12.917	   0.024   0
13.137	   0.024   0
13.160	   0.024   0
14.040	   0.024   0
14.340	   0.024   0
14.563	   0.024   0
15.290	   0.024   0
16.432	   0.024   0
17.310	   0.024   0
17.500	   0.024   0
18.000	   0.024   0
18.370	   0.024   0
19.125	   0.024   0
19.700	   0.024   0
21.270	   0.024   0
23.700	   0.024   0
26.500	   0.024   0

Z = 5 | A = 12
Number_of_States: 40
E_(MeV)    Frac    Width_(MeV)
0.000	   0.025   0
0.953	   0.025   0
1.674	   0.025   0
2.621	   0.025   0
2.723	   0.025   0
3.389	   0.025   0
3.760	   0.025   0
4.000	   0.025   0
4.302	   0.025   0
4.460	   0.025   0
4.990	   0.025   0
5.610	   0.025   0
5.726	   0.025   0
6.000	   0.025   0
6.200	   0.025   0
6.600	   0.025   0
7.060	   0.025   0
7.300	   0.025   0
7.545	   0.025   0
7.670	   0.025   0
7.700	   0.025   0
7.800	   0.025   0
7.836	   0.025   0
7.937	   0.025   0
8.130	   0.025   0
8.165	   0.025   0
8.240	   0.025   0
8.390	   0.025   0
8.580	   0.025   0
8.707	   0.025   0
9.035	   0.025   0
9.175	   0.025   0
9.300	   0.025   0
9.397	   0.025   0
9.440	   0.025   0
9.582	   0.025   0
9.782	   0.025   0
9.830	   0.025   0
10.000	   0.025   0
10.115	   0.025   0

Z = 6 | A = 11
Number_of_States: 14
E_(MeV)    Frac    Width_(MeV)
0.000	   0.09	   0
2.0	   0.07	   0
4.3188	   0.07	   0
4.8042	   0.07	   0
6.3392	   0.07	   0
6.4782	   0.07	   0
6.9048	   0.07	   0
7.4997	   0.07	   0
8.1045	   0.07	   0
8.420	   0.07	   0
8.654	   0.07	   0
8.7	   0.07	   0
9.2	   0.07	   0
9.645	   0.07	   0

Z = 6 | A = 12
Number_of_States: 3
E_(MeV)    Frac    Width_(MeV)
0.000	   1.0	   0
4.440	   0.0	   0
7.654	   0.0	   0

Z = 6 | A = 13
Number_of_States: 25
E_(MeV)    Frac    Width_(MeV)
0.000	   0.25	   0
3.089	   0.25	   0
3.685	   0.25	   0
3.854	   0.25    0
6.864	   0.00	   0.006
7.492	   0.00	   0
7.547	   0.00	   0.0012
7.686	   0.00	   0.070
8.200	   0.00	   1.100
8.860	   0.00	   0.150
9.500	   0.00	   0
9.897	   0.00	   0.026
10.46	   0.00	   0.200
10.75	   0.00	   0.055
11.00	   0.00	   0.024
11.75	   0.00	   0
11.85	   0.00	   0
12.19	   0.00	   0
13.57	   0.00	   0
14.39	   0.00	   0
15.11	   0.00	   0
16.08	   0.00	   0
17.70	   0.00	   0
18.30	   0.00	   0
20.02	   0.00	   0

Z = 6 | A = 14
Number_of_States: 20
E_(MeV)    Frac    Width_(MeV)
0.000	   0.05	   0
6.094	   0.05	   0
6.589	   0.05	   0
6.728	   0.05	   0
6.903	   0.05	   0
7.012	   0.05	   0
7.341	   0.05	   0
8.318	   0.05	   0.0034
9.746	   0.05	   0
9.801	   0.05	   0.045
10.425	   0.05	   0
10.449	   0.05	   0
10.498	   0.05	   0.026
10.736	   0.05	   0.020
11.306	   0.05	   0.046
11.395	   0.05	   0.022
11.500	   0.05	   0
11.666	   0.05	   0
11.730	   0.05	   0
11.900	   0.05	   0.950

Z = 7 | A = 13
Number_of_States: 12
E_(MeV)    Frac    Width_(MeV)
0.000      0.00    0
2.3649     0.00    0.0317
3.502      0.00    0.062
3.547      1.00    0.047
6.364      0.00    0.011
6.886      0.00    0.115
7.155      0.00    0.009
7.376      0.00    0.075
7.900      0.00    1.500
8.918      0.00    0.230
9.000      0.00    0.280
9.476      0.00    0.030

Z = 8 | A = 16
Number_of_States: 2
E_(MeV)    Frac    Width_(MeV)
0.000      0.5     0
6.049      0.5     0

Z = 8 | A = 17
Number_of_States: 25
E_(MeV)    Frac    Width_(MeV)
0.000      0.04    0
0.870	   0.04	   0
3.055	   0.04	   0
3.843	   0.04	   0
4.554	   0.04	   0.04
5.085	   0.04	   0.096
5.216      0.04    0
5.379      0.04    0.028
5.697      0.04    0.003
5.733      0.04    0
5.869      0.04    0.007
5.939      0.04    0.032
6.356      0.04    0.124
6.862      0.04    0
6.972      0.04    0
7.166      0.04    0.001
7.202      0.04    0.280
7.379      0.04    0
7.382      0.04    0.001
7.559      0.04    0.500
7.576      0.04    0
7.688      0.04    0.014
7.757      0.04    0
7.956      0.04    0.090
7.990      0.04    0.270

Z = 9 | A = 19
Number_of_States: 10
E_(MeV)    Frac    Width_(MeV)
0.000      0.1     0
0.110      0.1     0
0.197      0.1     0
1.346      0.1     0
1.459      0.1     0
1.554      0.1     0
2.780      0.1     0
3.908      0.1     0
3.999      0.1     0
4.033      0.1     0

Z = 9 | A = 20
Number_of_States: 40
E_(MeV)    Frac    Width_(MeV)
0.000      0.025   0
0.656	   0.025   0
0.823      0.025   0
0.984	   0.025   0
1.057	   0.025   0
1.309      0.025   0
1.824	   0.025   0
1.971	   0.025   0
2.043      0.025   0
2.194	   0.025   0
2.865	   0.025   0
2.966	   0.025   0
2.968      0.025   0
3.172	   0.025   0
3.488	   0.025   0
3.526      0.025   0
3.586	   0.025   0
3.590	   0.025   0
3.669	   0.025   0
3.680	   0.025   0
3.761	   0.025   0
3.965	   0.025   0
4.082      0.025   0
4.199	   0.025   0
4.208	   0.025   0
4.277	   0.025   0
4.312	   0.025   0
4.371	   0.025   0
4.509      0.025   0
4.518	   0.025   0
4.585	   0.025   0
4.592	   0.025   0
4.722	   0.025   0
4.731	   0.025   0
4.744	   0.025   0
4.765	   0.025   0
4.893	   0.025   0
4.899	   0.025   0
5.040      0.025   0
5.067	   0.025   0

Z = 12 | A = 24
Number_of_States: 1
E_(MeV)    Frac    Width_(MeV)
0.000	   0.00	   0

Z = 12 | A = 25
Number_of_States: 20
E_(MeV)    Frac    Width_(MeV)
0.000	   0.05	   0
0.585	   0.05	   0
0.975	   0.05	   0
1.612	   0.05	   0
1.965	   0.05	   0
2.563	   0.05	   0
2.738	   0.05    0
2.801	   0.05	   0
3.405	   0.05	   0
3.413	   0.05	   0
3.908	   0.05	   0
4.060	   0.05	   0
4.277	   0.05	   0
4.360	   0.05	   0
4.712	   0.05	   0
4.722	   0.05	   0
5.012	   0.05	   0
5.117	   0.05	   0
5.252	   0.05	   0
5.461	   0.05	   0

Z = 12 | A = 26
Number_of_States: 80
E_(MeV)    Frac    Width_(MeV)
0.000	   0.0125  0
1.809	   0.0125  0
2.938	   0.0125  0
3.083	   0.0125  0
3.420	   0.0125  0
3.565	   0.0125  0
3.589	   0.0125  0
3.942	   0.0125  0
4.319	   0.0125  0
4.332	   0.0125  0
4.350	   0.0125  0
4.645	   0.0125  0
4.835	   0.0125  0
4.901	   0.0125  0
4.972	   0.0125  0
5.180	   0.0125  0
5.292	   0.0125  0
5.476	   0.0125  0
5.691	   0.0125  0
5.711	   0.0125  0
5.716	   0.0125  0
6.125	   0.0125  0
6.256	   0.0125  0
6.483	   0.0125  0
6.623	   0.0125  0
6.634	   0.0125  0
6.745	   0.0125  0
6.876	   0.0125  0
6.952	   0.0125  0
6.972	   0.0125  0
6.978	   0.0125  0
7.062	   0.0125  0
7.100	   0.0125  0
7.200	   0.0125  0
7.247	   0.0125  0
7.261	   0.0125  0
7.283	   0.0125  0
7.349	   0.0125  0
7.371	   0.0125  0
7.396	   0.0125  0
7.428	   0.0125  0
7.542	   0.0125  0
7.677	   0.0125  0
7.697	   0.0125  0
7.726	   0.0125  0
7.774	   0.0125  0
7.818	   0.0125  0
7.824	   0.0125  0
7.840	   0.0125  0
7.851	   0.0125  0
7.950	   0.0125  0
8.034	   0.0125  0
8.052	   0.0125  0
8.185	   0.0125  0
8.201	   0.0125  0
8.227	   0.0125  0
8.251	   0.0125  0
8.399	   0.0125  0
8.459	   0.0125  0
8.464	   0.0125  0
8.472	   0.0125  0
8.504	   0.0125  0
8.532	   0.0125  0
8.576	   0.0125  0
8.625	   0.0125  0
8.670	   0.0125  0
8.706	   0.0125  0
8.864	   0.0125  0
8.904	   0.0125  0
8.959	   0.0125  0
9.020	   0.0125  0
9.043	   0.0125  0
9.064	   0.0125  0
9.111	   0.0125  0
9.140	   0.0125  0
9.169	   0.0125  0
9.206	   0.0125  0
9.239	   0.0125  0
9.261	   0.0125  0
9.281	   0.0125  0

Z = 22 | A = 48
Number_of_States: 20
E_(MeV)    Frac    Width_(MeV)
0.000	   0.05	   0
0.984	   0.05	   0
2.296	   0.05	   0
2.421	   0.05	   0
2.465	   0.05	   0
2.997	   0.05	   0
3.062	   0.05	   0
3.224	   0.05	   0
3.240	   0.05	   0
3.333	   0.05	   0
3.359	   0.05	   0
3.371	   0.05	   0
3.509	   0.05	   0
3.617	   0.05	   0
3.633	   0.05	   0
3.699	   0.05	   0
3.711	   0.05	   0
3.739	   0.05	   0
3.782	   0.05	   0
3.803	   0.05	   0

Z = 22 | A = 49
Number_of_States: 65
E_(MeV)    Frac    Width_(MeV)
0.000	   0.040   0
1.382	   0.015   0
1.542	   0.015   0
1.586	   0.015   0
1.610	   0.015   0
1.623	   0.015   0
1.723	   0.015   0
1.762	   0.015   0
2.261	   0.015   0
2.471	   0.015   0
2.504	   0.015   0
2.506	   0.015   0
2.513	   0.015   0
2.664	   0.015   0
2.721	   0.015   0
2.981	   0.015   0
3.039	   0.015   0
3.043	   0.015   0
3.175	   0.015   0
3.261	   0.015   0
3.290	   0.015   0
3.428	   0.015   0
3.451	   0.015   0
3.469	   0.015   0
3.511	   0.015   0
3.606	   0.015   0
3.618	   0.015   0
3.639	   0.015   0
3.701	   0.015   0
3.746	   0.015   0
3.747	   0.015   0
3.785	   0.015   0
3.787	   0.015   0
3.818	   0.015   0
3.855	   0.015   0
3.916	   0.015   0
3.941	   0.015   0
3.967	   0.015   0
3.990	   0.015   0
4.074	   0.015   0
4.142	   0.015   0
4.195	   0.015   0
4.222	   0.015   0
4.242	   0.015   0
4.300	   0.015   0
4.340	   0.015   0
4.382	   0.015   0
4.433	   0.015   0
4.456	   0.015   0
4.489	   0.015   0
4.507	   0.015   0
4.561	   0.015   0
4.584	   0.015   0
4.588	   0.015   0
4.621	   0.015   0
4.667	   0.015   0
4.725	   0.015   0
4.770	   0.015   0
4.811	   0.015   0
4.836	   0.015   0
4.897	   0.015   0
4.911	   0.015   0
5.063	   0.015   0
5.116	   0.015   0
5.121	   0.015   0

Z = 22 | A = 50
Number_of_States: 6
E_(MeV)    Frac    Width_(MeV)
0.000      0.4     0
1.554	   0.12    0
2.675	   0.12	   0
3.199	   0.12    0
3.863	   0.12    0
3.868	   0.12	   0

Z = 22 | A = 51
Number_of_States: 41
E_(MeV)    Frac    Width_(MeV)
0.000	   0.040   0
1.167	   0.024   0
1.437	   0.024   0
1.568	   0.024   0
2.144	   0.024   0
2.198	   0.024   0
2.345	   0.024   0
2.691	   0.024   0
2.731	   0.024   0
2.754	   0.024   0
2.906	   0.024   0
2.919	   0.024   0
3.062	   0.024   0
3.174	   0.024   0
3.237	   0.024   0
3.619	   0.024   0
3.644	   0.024   0
3.771	   0.024   0
4.022	   0.024   0
4.095	   0.024   0
4.172	   0.024   0
4.187	   0.024   0
4.407	   0.024   0
4.470	   0.024   0
4.569	   0.024   0
4.602	   0.024   0
4.757	   0.024   0
4.820	   0.024   0
4.882	   0.024   0
4.998	   0.024   0
5.013	   0.024   0
5.102	   0.024   0
5.149	   0.024   0
5.224	   0.024   0
5.245	   0.024   0
5.420	   0.024   0
5.540	   0.024   0
5.780	   0.024   0
5.950	   0.024   0
6.140	   0.024   0
6.250	   0.024   0

Z = 82 | A = 208
Number_of_States: 1
E_(MeV)    Frac    Width_(MeV)
0.000      1.0     0

Z = 82 | A = 209
Number_of_States: 10
E_(MeV)    Frac    Width_(MeV)
0.000      0.1     0
0.779	   0.1	   0
2.032	   0.1	   0
3.027	   0.1	   0
3.302	   0.1	   0
3.813	   0.1	   0
4.097	   0.1	   0
5.026	   0.1	   0
6.050	   0.1	   0
7.900	   0.1	   0

Z = -1 | A = -1
Number_of_States: 0
E_(MeV)    Frac    Width_(MeV)
*PUT ALL NUCLEI ABOVE THIS ENTRY
