NUM_XY_PROJS: 1

  COS_ZANG: 0 | NUM_XY_ANGS: 360
  -179.5   0.0436502
  -178.5   0.0437673
  -177.5   0.043963
  -176.5   0.0442291
  -175.5   0.0445572
  -174.5   0.0449389
  -173.5   0.0453658
  -172.5   0.0458296
  -171.5   0.046322
  -170.5   0.0468348
  -169.5   0.0473601
  -168.5   0.0478904
  -167.5   0.0484181
  -166.5   0.0489362
  -165.5   0.0494381
  -164.5   0.0499175
  -163.5   0.0503685
  -162.5   0.050786
  -161.5   0.0511651
  -160.5   0.0515015
  -159.5   0.0517917
  -158.5   0.0520326
  -157.5   0.0522218
  -156.5   0.0523574
  -155.5   0.0524383
  -154.5   0.052464
  -153.5   0.0524348
  -152.5   0.0523515
  -151.5   0.0522154
  -150.5   0.0520289
  -149.5   0.0517946
  -148.5   0.051516
  -147.5   0.0511972
  -146.5   0.0508426
  -145.5   0.0504576
  -144.5   0.0500477
  -143.5   0.0496193
  -142.5   0.0491789
  -141.5   0.0487337
  -140.5   0.0482911
  -139.5   0.0478591
  -138.5   0.0474456
  -137.5   0.0470593
  -136.5   0.0467085
  -135.5   0.0464022
  -134.5   0.0461491
  -133.5   0.0459582
  -132.5   0.0458385
  -131.5   0.0457987
  -130.5   0.0458476
  -129.5   0.0459939
  -128.5   0.0462459
  -127.5   0.0466118
  -126.5   0.0470993
  -125.5   0.047716
  -124.5   0.0484687
  -123.5   0.0493641
  -122.5   0.0504082
  -121.5   0.0516065
  -120.5   0.052964
  -119.5   0.0544849
  -118.5   0.0561727
  -117.5   0.0580305
  -116.5   0.0600603
  -115.5   0.0622638
  -114.5   0.0646413
  -113.5   0.067193
  -112.5   0.0699178
  -111.5   0.072814
  -110.5   0.075879
  -109.5   0.0791094
  -108.5   0.0825011
  -107.5   0.0860489
  -106.5   0.0897471
  -105.5   0.093589
  -104.5   0.0975672
  -103.5   0.101674
  -102.5   0.105899
  -101.5   0.110235
  -100.5   0.114669
  -99.5   0.119193
  -98.5   0.123793
  -97.5   0.128459
  -96.5   0.133178
  -95.5   0.137936
  -94.5   0.14272
  -93.5   0.147518
  -92.5   0.152314
  -91.5   0.157094
  -90.5   0.161845
  -89.5   0.166551
  -88.5   0.171199
  -87.5   0.175773
  -86.5   0.180259
  -85.5   0.184643
  -84.5   0.188911
  -83.5   0.193049
  -82.5   0.197044
  -81.5   0.200881
  -80.5   0.204549
  -79.5   0.208036
  -78.5   0.211329
  -77.5   0.214417
  -76.5   0.217291
  -75.5   0.219941
  -74.5   0.222357
  -73.5   0.224532
  -72.5   0.226458
  -71.5   0.228128
  -70.5   0.229538
  -69.5   0.230682
  -68.5   0.231557
  -67.5   0.23216
  -66.5   0.232489
  -65.5   0.232544
  -64.5   0.232325
  -63.5   0.231832
  -62.5   0.231069
  -61.5   0.230038
  -60.5   0.228744
  -59.5   0.227192
  -58.5   0.225388
  -57.5   0.223338
  -56.5   0.221052
  -55.5   0.218536
  -54.5   0.215802
  -53.5   0.21286
  -52.5   0.20972
  -51.5   0.206394
  -50.5   0.202895
  -49.5   0.199236
  -48.5   0.19543
  -47.5   0.191491
  -46.5   0.187434
  -45.5   0.183274
  -44.5   0.179026
  -43.5   0.174704
  -42.5   0.170325
  -41.5   0.165904
  -40.5   0.161456
  -39.5   0.156998
  -38.5   0.152544
  -37.5   0.14811
  -36.5   0.143711
  -35.5   0.139362
  -34.5   0.135077
  -33.5   0.13087
  -32.5   0.126755
  -31.5   0.122745
  -30.5   0.118851
  -29.5   0.115086
  -28.5   0.111461
  -27.5   0.107987
  -26.5   0.104672
  -25.5   0.101525
  -24.5   0.0985555
  -23.5   0.0957691
  -22.5   0.0931725
  -21.5   0.0907707
  -20.5   0.0885683
  -19.5   0.0865684
  -18.5   0.0847737
  -17.5   0.0831854
  -16.5   0.0818041
  -15.5   0.0806294
  -14.5   0.0796599
  -13.5   0.0788932
  -12.5   0.0783261
  -11.5   0.0779546
  -10.5   0.0777735
  -9.5   0.0777772
  -8.5   0.0779591
  -7.5   0.0783117
  -6.5   0.078827
  -5.5   0.0794963
  -4.5   0.0803102
  -3.5   0.0812588
  -2.5   0.0823316
  -1.5   0.0835178
  -0.5   0.0848059
  0.5   0.0861843
  1.5   0.0876411
  2.5   0.089164
  3.5   0.0907409
  4.5   0.0923591
  5.5   0.0940062
  6.5   0.0956699
  7.5   0.0973376
  8.5   0.0989974
  9.5   0.100637
  10.5   0.102245
  11.5   0.10381
  12.5   0.10532
  13.5   0.106767
  14.5   0.108138
  15.5   0.109425
  16.5   0.110619
  17.5   0.111712
  18.5   0.112696
  19.5   0.113564
  20.5   0.114311
  21.5   0.11493
  22.5   0.115418
  23.5   0.11577
  24.5   0.115984
  25.5   0.116058
  26.5   0.11599
  27.5   0.115781
  28.5   0.115431
  29.5   0.114941
  30.5   0.114315
  31.5   0.113554
  32.5   0.112664
  33.5   0.111648
  34.5   0.110513
  35.5   0.109265
  36.5   0.10791
  37.5   0.106458
  38.5   0.104916
  39.5   0.103293
  40.5   0.101598
  41.5   0.0998426
  42.5   0.0980364
  43.5   0.0961905
  44.5   0.0943161
  45.5   0.0924249
  46.5   0.0905285
  47.5   0.088639
  48.5   0.0867684
  49.5   0.0849288
  50.5   0.0831323
  51.5   0.0813909
  52.5   0.0797165
  53.5   0.0781207
  54.5   0.0766149
  55.5   0.0752102
  56.5   0.0739172
  57.5   0.0727463
  58.5   0.0717071
  59.5   0.070809
  60.5   0.0700604
  61.5   0.0694695
  62.5   0.0690435
  63.5   0.068789
  64.5   0.0687119
  65.5   0.068817
  66.5   0.0691088
  67.5   0.0695905
  68.5   0.0702647
  69.5   0.0711329
  70.5   0.0721958
  71.5   0.0734534
  72.5   0.0749044
  73.5   0.076547
  74.5   0.078378
  75.5   0.0803938
  76.5   0.0825896
  77.5   0.0849598
  78.5   0.0874981
  79.5   0.0901971
  80.5   0.0930489
  81.5   0.0960446
  82.5   0.0991746
  83.5   0.102429
  84.5   0.105796
  85.5   0.109266
  86.5   0.112825
  87.5   0.116462
  88.5   0.120163
  89.5   0.123915
  90.5   0.127705
  91.5   0.131518
  92.5   0.135341
  93.5   0.139159
  94.5   0.142958
  95.5   0.146723
  96.5   0.15044
  97.5   0.154095
  98.5   0.157675
  99.5   0.161164
  100.5   0.16455
  101.5   0.167819
  102.5   0.170959
  103.5   0.173957
  104.5   0.176802
  105.5   0.179482
  106.5   0.181986
  107.5   0.184306
  108.5   0.186431
  109.5   0.188353
  110.5   0.190065
  111.5   0.191559
  112.5   0.192829
  113.5   0.193871
  114.5   0.19468
  115.5   0.195252
  116.5   0.195585
  117.5   0.195678
  118.5   0.195529
  119.5   0.19514
  120.5   0.194511
  121.5   0.193645
  122.5   0.192544
  123.5   0.191212
  124.5   0.189655
  125.5   0.187878
  126.5   0.185886
  127.5   0.183688
  128.5   0.181292
  129.5   0.178705
  130.5   0.175937
  131.5   0.172999
  132.5   0.1699
  133.5   0.166652
  134.5   0.163266
  135.5   0.159754
  136.5   0.156128
  137.5   0.152401
  138.5   0.148586
  139.5   0.144695
  140.5   0.140741
  141.5   0.136738
  142.5   0.1327
  143.5   0.128638
  144.5   0.124567
  145.5   0.120498
  146.5   0.116445
  147.5   0.11242
  148.5   0.108435
  149.5   0.104502
  150.5   0.100632
  151.5   0.0968348
  152.5   0.093122
  153.5   0.0895029
  154.5   0.0859865
  155.5   0.0825812
  156.5   0.079295
  157.5   0.076135
  158.5   0.0731075
  159.5   0.0702183
  160.5   0.0674724
  161.5   0.0648738
  162.5   0.0624261
  163.5   0.0601319
  164.5   0.057993
  165.5   0.0560107
  166.5   0.0541852
  167.5   0.0525162
  168.5   0.0510025
  169.5   0.0496424
  170.5   0.0484332
  171.5   0.0473717
  172.5   0.0464542
  173.5   0.0456761
  174.5   0.0450325
  175.5   0.0445177
  176.5   0.0441258
  177.5   0.0438502
  178.5   0.0436839
  179.5   0.0436198

NUM_Z_PROJS: 0

